inherited frameDClearFiles: TframeDClearFiles
  ClientHeight = 344
  ClientWidth = 799
  DesignerMasterStyle = 0
  inherited Layout: TScaledLayout
    OriginalWidth = 799.000000000000000000
    OriginalHeight = 344.000000000000000000
    Size.Width = 799.000000000000000000
    Size.Height = 344.000000000000000000
    inherited lblFrameTitle: TLabel
      Position.Y = 313.000000000000000000
      Size.Width = 779.000000000000000000
    end
    object btnClearFiles: TButton
      Enabled = False
      Margins.Left = 10.000000000000000000
      Margins.Top = 10.000000000000000000
      Margins.Right = 10.000000000000000000
      Margins.Bottom = 10.000000000000000000
      Position.X = 696.000000000000000000
      Position.Y = 48.000000000000000000
      Size.Width = 80.000000000000000000
      Size.Height = 70.000000000000000000
      Size.PlatformDefault = False
      TabOrder = 1
      Text = 'Clear'
      OnClick = btnClearFilesClick
    end
    object gbClearFiles: TGroupBox
      Margins.Left = 5.000000000000000000
      Margins.Top = 5.000000000000000000
      Margins.Right = 5.000000000000000000
      Margins.Bottom = 5.000000000000000000
      Position.X = 12.000000000000000000
      Position.Y = 5.000000000000000000
      Size.Width = 661.000000000000000000
      Size.Height = 140.000000000000000000
      Size.PlatformDefault = False
      StyleLookup = 'groupboxstyle'
      Text = 'Option'
      TabOrder = 2
      object rbClearFilesBB: TRadioButton
        Align = Top
        Margins.Left = 15.000000000000000000
        Margins.Top = 35.000000000000000000
        Margins.Right = 15.000000000000000000
        Margins.Bottom = 15.000000000000000000
        Position.X = 15.000000000000000000
        Position.Y = 35.000000000000000000
        Size.Width = 631.000000000000000000
        Size.Height = 25.000000000000000000
        Size.PlatformDefault = False
        TabOrder = 0
        Text = ' ( BB ) - Clears Managed Logs in BlackBox Directory.'
        OnChange = rbClearFilesBBChange
      end
      object rbClearFilesALL: TRadioButton
        Align = Top
        Margins.Left = 15.000000000000000000
        Margins.Top = 15.000000000000000000
        Margins.Right = 15.000000000000000000
        Margins.Bottom = 15.000000000000000000
        Position.X = 15.000000000000000000
        Position.Y = 90.000000000000000000
        Size.Width = 631.000000000000000000
        Size.Height = 25.000000000000000000
        Size.PlatformDefault = False
        TabOrder = 1
        Text = 
          ' ( ALL ) - Additionally clears unmanaged files (Crash, ...) in t' +
          'he specified directories.'
        OnChange = rbClearFilesBBChange
      end
    end
  end
end
